100
734951 37987 636 9962
286982 661185 547 3599
386780 647500 223 8772
324614 744650 186 9937
178566 877578 484 9979
0 0 484 1
242656 83909 4 4147
369753 556196 301 5981
806544 908238 94 9918
125279 238999 577 9988
623375 427096 948 9944
288483 742829 694 9959
66666 353352 915 9923
7532 794958 777 9943
363108 672117 828 9948
444758 0 539 1
662684 970078 88 5395
0 0 1000 10000
676841 842977 555 9054
0 940624 647 8176
446676 801617 339 9922
899540 387097 148 9976
570770 890102 21 7563
309050 701104 357 9962
30455 69677 869 9944
213784 735032 215 8379
815058 884986 171 6288
564468 188023 278 9996
0 0 643 2086
741897 561264 272 9908
931039 859016 784 9970
292925 560180 145 9983
49327 630695 393 9937
718977 604922 921 9341
226694 876019 960 9938
179036 79493 520 6640
744575 823709 473 8669
283815 424095 932 9966
171124 984746 640 9916
259240 513098 37 3399
292526 299146 62 4148
189672 624881 216 9943
95474 572298 276 9986
980903 41828 559 5884
680281 777719 687 8047
995131 741226 200 2295
869756 237084 280 1715
277746 342027 469 5415
99810 550072 375 9904
393783 209132 529 9870
818283 357528 138 9963
616454 579782 354 9982
613558 832588 250 5650
557565 600570 786 9902
783915 205214 301 9983
0 0 100 199
684479 649074 336 9953
490155 683606 947 815
952122 256538 740 1894
114675 287294 356 3774
162991 937391 325 7598
626551 480905 586 903
822982 659943 673 9946
306081 181391 646 9952
189009 51803 403 5108
497530 241830 537 7033
264716 715285 991 3903
455015 599006 924 9979
120109 503217 275 3471
266235 240109 846 2838
0 0 10 5
333952 484428 490 1658
340024 749232 151 9991
455800 305074 148 8204
637103 0 620 9931
617550 504342 54 9948
687399 506310 178 1278
633460 201839 838 5395
936871 909087 605 9989
308786 844407 549 9938
481401 488605 938 9920
0 866388 504 1
265751 866833 447 9909
209736 845435 6 1691
429343 665991 356 9973
377159 271223 892 939
73044 890625 9 9771
555995 406370 506 6046
607239 135143 818 1826
246811 131452 810 230
232030 776522 842 6923
865190 850069 468 9940
6186 228779 451 9913
372444 1548 873 2158
583329 300864 15 1437
920443 681495 652 6583
261818 360796 628 9914
395474 0 824 1
98978 501672 790 9980
48742 580379 629 9998
