100
100 999999668
78 999999916
74 999999689
96 999999846
83 999999574
2 999999798
55 999999740
88 999999658
15 999999927
24 999999902
53 999999508
36 999999928
79 999999992
20 999999653
36 999999530
66 999999904
10 999999682
48 999999842
32 999999855
19 999999623
87 999999936
36 999999627
58 999999937
75 999999921
90 999999909
60 999999968
92 999999841
38 999999663
65 999999932
68 999999535
33 999999811
93 999999817
43 999999579
51 999999835
56 999999953
98 999999547
62 999999685
63 999999885
97 999999918
76 999999976
34 999999765
25 999999908
5 999999807
24 999999550
12 999999764
77 999999537
91 999999888
6 999999999
39 999999952
18 999999651
42 999999511
35 999999815
39 999999684
100 999999612
47 999999753
71 999999877
20 999999512
51 999999767
80 999999786
7 999999539
50 999999789
95 999999514
59 999999851
33 999999825
23 999999679
54 999999515
38 999999955
84 999999556
82 999999988
16 999999541
61 999999795
48 999999824
73 999999581
57 999999631
67 999999549
15 999999636
6 999999625
11 1
1 1
1 999999697
94 999999934
42 999999696
33 999999822
13 999999762
14 999999989
64 999999872
37 999999946
37 999999967
72 999999517
52 999999940
11 999999756
41 999999780
49 999999845
4 999999691
99 999999510
81 999999741
86 999999590
70 999999783
43 1000000000
85 999999965
